| 6h return | daily fractional period | daily return | weekly fractional period | weekly return | monthly fractional period | monthly return | annual fractional period | annual return |
| --- | --- | --- | --- | --- | --- | --- | --- | --- |
| 0.000000 | 0.250000 | 0.000000 | 0.051587 | 0.000000 | 0.011905 | 0.000000 | 0.000684 | 0.000000 |
| 0.012461 | 0.250000 | 0.049844 | 0.051587 | 0.241552 | 0.011905 | 1.046724 | 0.000684 | 18.205145 |
| 0.002489 | 0.250000 | 0.009956 | 0.051587 | 0.048250 | 0.011905 | 0.209083 | 0.000684 | 3.636477 |
| 0.004106 | 0.250000 | 0.016424 | 0.051587 | 0.079594 | 0.011905 | 0.344906 | 0.000684 | 5.998771 |
| -0.003999 | 0.250000 | -0.015996 | 0.051587 | -0.077518 | 0.011905 | -0.335909 | 0.000684 | -5.842306 |
| -0.004764 | 0.250000 | -0.019054 | 0.051587 | -0.092341 | 0.011905 | -0.400142 | 0.000684 | -6.959478 |
| 0.003115 | 0.250000 | 0.012458 | 0.051587 | 0.060375 | 0.011905 | 0.261623 | 0.000684 | 4.550281 |
| 0.002165 | 0.250000 | 0.008658 | 0.051587 | 0.041960 | 0.011905 | 0.181825 | 0.000684 | 3.162393 |
| 0.000003 | 0.250000 | 0.000012 | 0.051587 | 0.000057 | 0.011905 | 0.000246 | 0.000684 | 0.004274 |
| -0.002341 | 0.250000 | -0.009365 | 0.051587 | -0.045382 | 0.011905 | -0.196657 | 0.000684 | -3.420350 |
| 0.013875 | 0.250000 | 0.055499 | 0.051587 | 0.268958 | 0.011905 | 1.165483 | 0.000684 | 20.270669 |
| 0.007816 | 0.250000 | 0.031265 | 0.051587 | 0.151515 | 0.011905 | 0.656564 | 0.000684 | 11.419291 |
| -0.006405 | 0.250000 | -0.025621 | 0.051587 | -0.124163 | 0.011905 | -0.538038 | 0.000684 | -9.357818 |
| 0.011964 | 0.250000 | 0.047855 | 0.051587 | 0.231913 | 0.011905 | 1.004957 | 0.000684 | 17.478707 |
| 0.010471 | 0.250000 | 0.041883 | 0.051587 | 0.202971 | 0.011905 | 0.879540 | 0.000684 | 15.297405 |
| 0.023736 | 0.250000 | 0.094942 | 0.051587 | 0.460104 | 0.011905 | 1.993783 | 0.000684 | 34.676871 |
| 0.024271 | 0.250000 | 0.097085 | 0.051587 | 0.470489 | 0.011905 | 2.038786 | 0.000684 | 35.459577 |
| 0.004214 | 0.250000 | 0.016858 | 0.051587 | 0.081695 | 0.011905 | 0.354011 | 0.000684 | 6.157129 |
| -0.012046 | 0.250000 | -0.048185 | 0.051587 | -0.233511 | 0.011905 | -1.011882 | 0.000684 | -17.599152 |
| -0.036037 | 0.250000 | -0.144147 | 0.051587 | -0.698560 | 0.011905 | -3.027093 | 0.000684 | -52.648713 |
| 0.060721 | 0.250000 | 0.242882 | 0.051587 | 1.177044 | 0.011905 | 5.100523 | 0.000684 | 88.710838 |
| 0.029262 | 0.250000 | 0.117047 | 0.051587 | 0.567226 | 0.011905 | 2.457979 | 0.000684 | 42.750399 |
| -0.008423 | 0.250000 | -0.033693 | 0.051587 | -0.163281 | 0.011905 | -0.707551 | 0.000684 | -12.306082 |
| -0.007403 | 0.250000 | -0.029612 | 0.051587 | -0.143505 | 0.011905 | -0.621856 | 0.000684 | -10.815635 |
| -0.016917 | 0.250000 | -0.067669 | 0.051587 | -0.327936 | 0.011905 | -1.421054 | 0.000684 | -24.715680 |
| 0.008951 | 0.250000 | 0.035802 | 0.051587 | 0.173503 | 0.011905 | 0.751844 | 0.000684 | 13.076451 |
| 0.018753 | 0.250000 | 0.075014 | 0.051587 | 0.363528 | 0.011905 | 1.575286 | 0.000684 | 27.398164 |
| 0.002630 | 0.250000 | 0.010522 | 0.051587 | 0.050990 | 0.011905 | 0.220958 | 0.000684 | 3.843017 |
| 0.004991 | 0.250000 | 0.019965 | 0.051587 | 0.096754 | 0.011905 | 0.419267 | 0.000684 | 7.292108 |
| 0.016046 | 0.250000 | 0.064186 | 0.051587 | 0.311055 | 0.011905 | 1.347905 | 0.000684 | 23.443446 |
| -0.002045 | 0.250000 | -0.008181 | 0.051587 | -0.039648 | 0.011905 | -0.171810 | 0.000684 | -2.988197 |
| -0.014968 | 0.250000 | -0.059872 | 0.051587 | -0.290150 | 0.011905 | -1.257317 | 0.000684 | -21.867882 |
| 0.009020 | 0.250000 | 0.036082 | 0.051587 | 0.174858 | 0.011905 | 0.757719 | 0.000684 | 13.178622 |
| -0.001506 | 0.250000 | -0.006023 | 0.051587 | -0.029187 | 0.011905 | -0.126478 | 0.000684 | -2.199770 |
| -0.007522 | 0.250000 | -0.030088 | 0.051587 | -0.145812 | 0.011905 | -0.631850 | 0.000684 | -10.989456 |
| 0.005699 | 0.250000 | 0.022796 | 0.051587 | 0.110474 | 0.011905 | 0.478722 | 0.000684 | 8.326168 |
| 0.008612 | 0.250000 | 0.034447 | 0.051587 | 0.166933 | 0.011905 | 0.723377 | 0.000684 | 12.581329 |
| -0.001551 | 0.250000 | -0.006205 | 0.051587 | -0.030070 | 0.011905 | -0.130305 | 0.000684 | -2.266329 |
| -0.005261 | 0.250000 | -0.021044 | 0.051587 | -0.101982 | 0.011905 | -0.441922 | 0.000684 | -7.686127 |
| -0.008579 | 0.250000 | -0.034315 | 0.051587 | -0.166294 | 0.011905 | -0.720609 | 0.000684 | -12.533196 |
| -0.007861 | 0.250000 | -0.031445 | 0.051587 | -0.152389 | 0.011905 | -0.660353 | 0.000684 | -11.485189 |
| 0.048407 | 0.250000 | 0.193629 | 0.051587 | 0.938355 | 0.011905 | 4.066207 | 0.000684 | 70.721499 |
| 0.001093 | 0.250000 | 0.004372 | 0.051587 | 0.021190 | 0.011905 | 0.091822 | 0.000684 | 1.597013 |
| 0.006472 | 0.250000 | 0.025890 | 0.051587 | 0.125466 | 0.011905 | 0.543688 | 0.000684 | 9.456096 |
| -0.006099 | 0.250000 | -0.024395 | 0.051587 | -0.118221 | 0.011905 | -0.512292 | 0.000684 | -8.910033 |
| -0.004745 | 0.250000 | -0.018980 | 0.051587 | -0.091980 | 0.011905 | -0.398582 | 0.000684 | -6.932330 |
| -0.017479 | 0.250000 | -0.069916 | 0.051587 | -0.338823 | 0.011905 | -1.468231 | 0.000684 | -25.536209 |
| 0.007444 | 0.250000 | 0.029778 | 0.051587 | 0.144309 | 0.011905 | 0.625337 | 0.000684 | 10.876179 |
| 0.014339 | 0.250000 | 0.057357 | 0.051587 | 0.277962 | 0.011905 | 1.204503 | 0.000684 | 20.949318 |
| 0.002940 | 0.250000 | 0.011761 | 0.051587 | 0.056995 | 0.011905 | 0.246980 | 0.000684 | 4.295605 |
| -0.016770 | 0.250000 | -0.067080 | 0.051587 | -0.325078 | 0.011905 | -1.408673 | 0.000684 | -24.500353 |
| 0.005973 | 0.250000 | 0.023893 | 0.051587 | 0.115791 | 0.011905 | 0.501763 | 0.000684 | 8.726908 |
| -0.008897 | 0.250000 | -0.035588 | 0.051587 | -0.172463 | 0.011905 | -0.747338 | 0.000684 | -12.998071 |
| -0.003557 | 0.250000 | -0.014230 | 0.051587 | -0.068959 | 0.011905 | -0.298821 | 0.000684 | -5.197249 |
| -0.020288 | 0.250000 | -0.081152 | 0.051587 | -0.393276 | 0.011905 | -1.704195 | 0.000684 | -29.640210 |
| 0.001778 | 0.250000 | 0.007113 | 0.051587 | 0.034468 | 0.011905 | 0.149363 | 0.000684 | 2.597792 |
| -0.053451 | 0.250000 | -0.213804 | 0.051587 | -1.036126 | 0.011905 | -4.489879 | 0.000684 | -78.090221 |
| 0.004115 | 0.250000 | 0.016461 | 0.051587 | 0.079772 | 0.011905 | 0.345677 | 0.000684 | 6.012187 |
| 0.001466 | 0.250000 | 0.005865 | 0.051587 | 0.028425 | 0.011905 | 0.123175 | 0.000684 | 2.142318 |
| 0.012843 | 0.250000 | 0.051370 | 0.051587 | 0.248948 | 0.011905 | 1.078776 | 0.000684 | 18.762607 |
| -0.007530 | 0.250000 | -0.030121 | 0.051587 | -0.145973 | 0.011905 | -0.632548 | 0.000684 | -11.001589 |
| -0.005848 | 0.250000 | -0.023392 | 0.051587 | -0.113364 | 0.011905 | -0.491242 | 0.000684 | -8.543926 |
| -0.016223 | 0.250000 | -0.064892 | 0.051587 | -0.314477 | 0.011905 | -1.362735 | 0.000684 | -23.701366 |
| -0.030090 | 0.250000 | -0.120361 | 0.051587 | -0.583289 | 0.011905 | -2.527588 | 0.000684 | -43.961067 |
| 0.006440 | 0.250000 | 0.025761 | 0.051587 | 0.124844 | 0.011905 | 0.540990 | 0.000684 | 9.409162 |
| 0.009366 | 0.250000 | 0.037464 | 0.051587 | 0.181557 | 0.011905 | 0.786748 | 0.000684 | 13.683521 |
| 0.018340 | 0.250000 | 0.073361 | 0.051587 | 0.355520 | 0.011905 | 1.540589 | 0.000684 | 26.794686 |
| 0.000019 | 0.250000 | 0.000077 | 0.051587 | 0.000373 | 0.011905 | 0.001615 | 0.000684 | 0.028087 |
| -0.002856 | 0.250000 | -0.011425 | 0.051587 | -0.055366 | 0.011905 | -0.239919 | 0.000684 | -4.172790 |
| -0.010032 | 0.250000 | -0.040129 | 0.051587 | -0.194471 | 0.011905 | -0.842706 | 0.000684 | -14.656758 |
| -0.024918 | 0.250000 | -0.099671 | 0.051587 | -0.483023 | 0.011905 | -2.093098 | 0.000684 | -36.404214 |
| 0.003503 | 0.250000 | 0.014013 | 0.051587 | 0.067909 | 0.011905 | 0.294273 | 0.000684 | 5.118146 |
| -0.039276 | 0.250000 | -0.157104 | 0.051587 | -0.761350 | 0.011905 | -3.299185 | 0.000684 | -57.381075 |
| -0.031249 | 0.250000 | -0.124995 | 0.051587 | -0.605747 | 0.011905 | -2.624905 | 0.000684 | -45.653668 |
| 0.011531 | 0.250000 | 0.046122 | 0.051587 | 0.223516 | 0.011905 | 0.968568 | 0.000684 | 16.845817 |
| -0.046960 | 0.250000 | -0.187841 | 0.051587 | -0.910308 | 0.011905 | -3.944667 | 0.000684 | -68.607626 |
| -0.015418 | 0.250000 | -0.061672 | 0.051587 | -0.298871 | 0.011905 | -1.295109 | 0.000684 | -22.525183 |
| 0.058943 | 0.250000 | 0.235772 | 0.051587 | 1.142589 | 0.011905 | 4.951220 | 0.000684 | 86.114086 |
| 0.001801 | 0.250000 | 0.007203 | 0.051587 | 0.034904 | 0.011905 | 0.151253 | 0.000684 | 2.630661 |
| 0.065877 | 0.250000 | 0.263507 | 0.051587 | 1.276997 | 0.011905 | 5.533652 | 0.000684 | 96.244034 |
| -0.001831 | 0.250000 | -0.007325 | 0.051587 | -0.035500 | 0.011905 | -0.153832 | 0.000684 | -2.675524 |
| 0.006008 | 0.250000 | 0.024033 | 0.051587 | 0.116470 | 0.011905 | 0.504701 | 0.000684 | 8.778017 |
| -0.016476 | 0.250000 | -0.065904 | 0.051587 | -0.319382 | 0.011905 | -1.383989 | 0.000684 | -24.071029 |
| 0.005713 | 0.250000 | 0.022851 | 0.051587 | 0.110738 | 0.011905 | 0.479864 | 0.000684 | 8.346033 |
| 0.011154 | 0.250000 | 0.044617 | 0.051587 | 0.216221 | 0.011905 | 0.936956 | 0.000684 | 16.296003 |
| -0.035851 | 0.250000 | -0.143406 | 0.051587 | -0.694966 | 0.011905 | -3.011521 | 0.000684 | -52.377878 |
| -0.020325 | 0.250000 | -0.081300 | 0.051587 | -0.393990 | 0.011905 | -1.707292 | 0.000684 | -29.694077 |
| 0.000114 | 0.250000 | 0.000456 | 0.051587 | 0.002209 | 0.011905 | 0.009572 | 0.000684 | 0.166475 |
| -0.001418 | 0.250000 | -0.005671 | 0.051587 | -0.027482 | 0.011905 | -0.119088 | 0.000684 | -2.071233 |
| 0.010013 | 0.250000 | 0.040052 | 0.051587 | 0.194100 | 0.011905 | 0.841101 | 0.000684 | 14.628847 |
| 0.011539 | 0.250000 | 0.046158 | 0.051587 | 0.223688 | 0.011905 | 0.969315 | 0.000684 | 16.858816 |
| -0.021823 | 0.250000 | -0.087290 | 0.051587 | -0.423023 | 0.011905 | -1.833099 | 0.000684 | -31.882183 |
| -0.001322 | 0.250000 | -0.005286 | 0.051587 | -0.025618 | 0.011905 | -0.111010 | 0.000684 | -1.930748 |
| 0.018718 | 0.250000 | 0.074873 | 0.051587 | 0.362844 | 0.011905 | 1.572323 | 0.000684 | 27.346636 |
| -0.005857 | 0.250000 | -0.023428 | 0.051587 | -0.113537 | 0.011905 | -0.491994 | 0.000684 | -8.557014 |
| 0.025972 | 0.250000 | 0.103886 | 0.051587 | 0.503448 | 0.011905 | 2.181610 | 0.000684 | 37.943650 |
| 0.009068 | 0.250000 | 0.036272 | 0.051587 | 0.175781 | 0.011905 | 0.761718 | 0.000684 | 13.248173 |
| -0.014376 | 0.250000 | -0.057505 | 0.051587 | -0.278678 | 0.011905 | -1.207603 | 0.000684 | -21.003232 |
| 0.058992 | 0.250000 | 0.235970 | 0.051587 | 1.143547 | 0.011905 | 4.955368 | 0.000684 | 86.186245 |
| -0.013323 | 0.250000 | -0.053291 | 0.051587 | -0.258255 | 0.011905 | -1.119104 | 0.000684 | -19.464015 |
| 0.011102 | 0.250000 | 0.044407 | 0.051587 | 0.215203 | 0.011905 | 0.932548 | 0.000684 | 16.219345 |
| 0.000364 | 0.250000 | 0.001455 | 0.051587 | 0.007049 | 0.011905 | 0.030545 | 0.000684 | 0.531247 |
| -0.013162 | 0.250000 | -0.052649 | 0.051587 | -0.255145 | 0.011905 | -1.105626 | 0.000684 | -19.229608 |
| 0.000979 | 0.250000 | 0.003918 | 0.051587 | 0.018985 | 0.011905 | 0.082270 | 0.000684 | 1.430885 |
| 0.006994 | 0.250000 | 0.027976 | 0.051587 | 0.135577 | 0.011905 | 0.587499 | 0.000684 | 10.218076 |
| -0.007568 | 0.250000 | -0.030273 | 0.051587 | -0.146709 | 0.011905 | -0.635738 | 0.000684 | -11.057076 |
| -0.024287 | 0.250000 | -0.097147 | 0.051587 | -0.470791 | 0.011905 | -2.040096 | 0.000684 | -35.482363 |
| 0.000915 | 0.250000 | 0.003659 | 0.051587 | 0.017733 | 0.011905 | 0.076843 | 0.000684 | 1.336487 |
| 0.009283 | 0.250000 | 0.037130 | 0.051587 | 0.179938 | 0.011905 | 0.779733 | 0.000684 | 13.561501 |
| 0.013029 | 0.250000 | 0.052115 | 0.051587 | 0.252559 | 0.011905 | 1.094423 | 0.000684 | 19.034756 |
| -0.007232 | 0.250000 | -0.028929 | 0.051587 | -0.140196 | 0.011905 | -0.607516 | 0.000684 | -10.566230 |
| 0.001868 | 0.250000 | 0.007473 | 0.051587 | 0.036218 | 0.011905 | 0.156943 | 0.000684 | 2.729627 |
| -0.000691 | 0.250000 | -0.002764 | 0.051587 | -0.013393 | 0.011905 | -0.058036 | 0.000684 | -1.009392 |
| -0.002296 | 0.250000 | -0.009185 | 0.051587 | -0.044511 | 0.011905 | -0.192880 | 0.000684 | -3.354668 |
| -0.018204 | 0.250000 | -0.072814 | 0.051587 | -0.352869 | 0.011905 | -1.529100 | 0.000684 | -26.594866 |
| 0.007030 | 0.250000 | 0.028119 | 0.051587 | 0.136267 | 0.011905 | 0.590490 | 0.000684 | 10.270101 |
| -0.000496 | 0.250000 | -0.001983 | 0.051587 | -0.009610 | 0.011905 | -0.041644 | 0.000684 | -0.724291 |
| 0.014820 | 0.250000 | 0.059282 | 0.051587 | 0.287288 | 0.011905 | 1.244914 | 0.000684 | 21.652171 |
| -0.007871 | 0.250000 | -0.031483 | 0.051587 | -0.152573 | 0.011905 | -0.661148 | 0.000684 | -11.499023 |
| -0.007452 | 0.250000 | -0.029808 | 0.051587 | -0.144453 | 0.011905 | -0.625964 | 0.000684 | -10.887077 |
| 0.028112 | 0.250000 | 0.112447 | 0.051587 | 0.544936 | 0.011905 | 2.361389 | 0.000684 | 41.070463 |
| 0.001387 | 0.250000 | 0.005549 | 0.051587 | 0.026892 | 0.011905 | 0.116531 | 0.000684 | 2.026760 |
| 0.004818 | 0.250000 | 0.019273 | 0.051587 | 0.093401 | 0.011905 | 0.404736 | 0.000684 | 7.039363 |
| 0.005156 | 0.250000 | 0.020625 | 0.051587 | 0.099954 | 0.011905 | 0.433133 | 0.000684 | 7.533266 |
| -0.037114 | 0.250000 | -0.148455 | 0.051587 | -0.719434 | 0.011905 | -3.117547 | 0.000684 | -54.221937 |
| 0.007972 | 0.250000 | 0.031886 | 0.051587 | 0.154525 | 0.011905 | 0.669606 | 0.000684 | 11.646129 |
| -0.026690 | 0.250000 | -0.106761 | 0.051587 | -0.517382 | 0.011905 | -2.241990 | 0.000684 | -38.993804 |
| 0.017496 | 0.250000 | 0.069986 | 0.051587 | 0.339163 | 0.011905 | 1.469704 | 0.000684 | 25.561830 |
| -0.038307 | 0.250000 | -0.153228 | 0.051587 | -0.742566 | 0.011905 | -3.217786 | 0.000684 | -55.965337 |
| -0.018088 | 0.250000 | -0.072353 | 0.051587 | -0.350636 | 0.011905 | -1.519423 | 0.000684 | -26.426559 |
| -0.011975 | 0.250000 | -0.047899 | 0.051587 | -0.232125 | 0.011905 | -1.005875 | 0.000684 | -17.494688 |
| 0.003044 | 0.250000 | 0.012175 | 0.051587 | 0.059001 | 0.011905 | 0.255672 | 0.000684 | 4.446784 |
| 0.004291 | 0.250000 | 0.017164 | 0.051587 | 0.083180 | 0.011905 | 0.360445 | 0.000684 | 6.269045 |
| 0.007440 | 0.250000 | 0.029760 | 0.051587 | 0.144221 | 0.011905 | 0.624956 | 0.000684 | 10.869553 |
| 0.002104 | 0.250000 | 0.008416 | 0.051587 | 0.040785 | 0.011905 | 0.176733 | 0.000684 | 3.073836 |
| -0.004115 | 0.250000 | -0.016459 | 0.051587 | -0.079765 | 0.011905 | -0.345649 | 0.000684 | -6.011704 |
| -0.004476 | 0.250000 | -0.017905 | 0.051587 | -0.086770 | 0.011905 | -0.376004 | 0.000684 | -6.539652 |
| 0.013456 | 0.250000 | 0.053823 | 0.051587 | 0.260833 | 0.011905 | 1.130278 | 0.000684 | 19.658363 |
| 0.021623 | 0.250000 | 0.086494 | 0.051587 | 0.419162 | 0.011905 | 1.816367 | 0.000684 | 31.591155 |
| -0.024966 | 0.250000 | -0.099866 | 0.051587 | -0.483965 | 0.011905 | -2.097180 | 0.000684 | -36.475207 |
| -0.016109 | 0.250000 | -0.064435 | 0.051587 | -0.312261 | 0.011905 | -1.353129 | 0.000684 | -23.534296 |
| -0.009246 | 0.250000 | -0.036985 | 0.051587 | -0.179233 | 0.011905 | -0.776678 | 0.000684 | -13.508377 |
| 0.021282 | 0.250000 | 0.085130 | 0.051587 | 0.412552 | 0.011905 | 1.787725 | 0.000684 | 31.093010 |
| 0.001600 | 0.250000 | 0.006400 | 0.051587 | 0.031015 | 0.011905 | 0.134399 | 0.000684 | 2.337538 |
| 0.005790 | 0.250000 | 0.023160 | 0.051587 | 0.112235 | 0.011905 | 0.486350 | 0.000684 | 8.458844 |
| -0.001915 | 0.250000 | -0.007660 | 0.051587 | -0.037120 | 0.011905 | -0.160852 | 0.000684 | -2.797612 |
| 0.003102 | 0.250000 | 0.012406 | 0.051587 | 0.060121 | 0.011905 | 0.260526 | 0.000684 | 4.531201 |
| 0.003170 | 0.250000 | 0.012679 | 0.051587 | 0.061444 | 0.011905 | 0.266258 | 0.000684 | 4.630889 |
| 0.014444 | 0.250000 | 0.057775 | 0.051587 | 0.279989 | 0.011905 | 1.213285 | 0.000684 | 21.102052 |
| -0.002844 | 0.250000 | -0.011376 | 0.051587 | -0.055132 | 0.011905 | -0.238904 | 0.000684 | -4.155137 |
| -0.001103 | 0.250000 | -0.004413 | 0.051587 | -0.021384 | 0.011905 | -0.092663 | 0.000684 | -1.611646 |
| 0.019964 | 0.250000 | 0.079856 | 0.051587 | 0.386994 | 0.011905 | 1.676975 | 0.000684 | 29.166796 |
| -0.007408 | 0.250000 | -0.029633 | 0.051587 | -0.143608 | 0.011905 | -0.622299 | 0.000684 | -10.823344 |
| 0.059633 | 0.250000 | 0.238534 | 0.051587 | 1.155972 | 0.011905 | 5.009213 | 0.000684 | 87.122729 |
| 0.009669 | 0.250000 | 0.038678 | 0.051587 | 0.187439 | 0.011905 | 0.812236 | 0.000684 | 14.126814 |
| 0.007200 | 0.250000 | 0.028799 | 0.051587 | 0.139565 | 0.011905 | 0.604780 | 0.000684 | 10.518632 |
| -0.000609 | 0.250000 | -0.002436 | 0.051587 | -0.011805 | 0.011905 | -0.051156 | 0.000684 | -0.889724 |
| -0.016117 | 0.250000 | -0.064468 | 0.051587 | -0.312423 | 0.011905 | -1.353834 | 0.000684 | -23.546549 |
| -0.035413 | 0.250000 | -0.141652 | 0.051587 | -0.686468 | 0.011905 | -2.974693 | 0.000684 | -51.737341 |
| 0.000628 | 0.250000 | 0.002511 | 0.051587 | 0.012170 | 0.011905 | 0.052736 | 0.000684 | 0.917203 |
| 0.007683 | 0.250000 | 0.030733 | 0.051587 | 0.148935 | 0.011905 | 0.645384 | 0.000684 | 11.224847 |
| -0.003399 | 0.250000 | -0.013596 | 0.051587 | -0.065889 | 0.011905 | -0.285520 | 0.000684 | -4.965914 |
| -0.000960 | 0.250000 | -0.003840 | 0.051587 | -0.018607 | 0.011905 | -0.080632 | 0.000684 | -1.402386 |
| 0.007871 | 0.250000 | 0.031484 | 0.051587 | 0.152577 | 0.011905 | 0.661168 | 0.000684 | 11.499360 |
| 0.004955 | 0.250000 | 0.019822 | 0.051587 | 0.096059 | 0.011905 | 0.416254 | 0.000684 | 7.239693 |
| -0.011316 | 0.250000 | -0.045263 | 0.051587 | -0.219350 | 0.011905 | -0.950515 | 0.000684 | -16.531838 |
| -0.003114 | 0.250000 | -0.012456 | 0.051587 | -0.060362 | 0.011905 | -0.261569 | 0.000684 | -4.549333 |
| -0.002677 | 0.250000 | -0.010706 | 0.051587 | -0.051884 | 0.011905 | -0.224832 | 0.000684 | -3.910390 |
| 0.011318 | 0.250000 | 0.045270 | 0.051587 | 0.219386 | 0.011905 | 0.950673 | 0.000684 | 16.534579 |
| -0.002806 | 0.250000 | -0.011225 | 0.051587 | -0.054397 | 0.011905 | -0.235719 | 0.000684 | -4.099746 |
| -0.058555 | 0.250000 | -0.234221 | 0.051587 | -1.135071 | 0.011905 | -4.918642 | 0.000684 | -85.547486 |
| -0.026454 | 0.250000 | -0.105816 | 0.051587 | -0.512801 | 0.011905 | -2.222139 | 0.000684 | -38.648547 |
| 0.003206 | 0.250000 | 0.012825 | 0.051587 | 0.062153 | 0.011905 | 0.269329 | 0.000684 | 4.684302 |
| 0.006281 | 0.250000 | 0.025125 | 0.051587 | 0.121758 | 0.011905 | 0.527616 | 0.000684 | 9.176564 |
| -0.022701 | 0.250000 | -0.090802 | 0.051587 | -0.440041 | 0.011905 | -1.906846 | 0.000684 | -33.164825 |
| -0.058547 | 0.250000 | -0.234188 | 0.051587 | -1.134913 | 0.011905 | -4.917956 | 0.000684 | -85.535546 |
| 0.021979 | 0.250000 | 0.087915 | 0.051587 | 0.426048 | 0.011905 | 1.846208 | 0.000684 | 32.110181 |
| -0.015001 | 0.250000 | -0.060005 | 0.051587 | -0.290792 | 0.011905 | -1.260098 | 0.000684 | -21.916260 |
| 0.008120 | 0.250000 | 0.032481 | 0.051587 | 0.157408 | 0.011905 | 0.682103 | 0.000684 | 11.863481 |
| 0.033927 | 0.250000 | 0.135707 | 0.051587 | 0.657656 | 0.011905 | 2.849842 | 0.000684 | 49.565885 |
| 0.000849 | 0.250000 | 0.003398 | 0.051587 | 0.016465 | 0.011905 | 0.071349 | 0.000684 | 1.240939 |
| 0.022753 | 0.250000 | 0.091013 | 0.051587 | 0.441062 | 0.011905 | 1.911269 | 0.000684 | 33.241754 |
| -0.035307 | 0.250000 | -0.141229 | 0.051587 | -0.684418 | 0.011905 | -2.965811 | 0.000684 | -51.582870 |
| -0.004368 | 0.250000 | -0.017473 | 0.051587 | -0.084679 | 0.011905 | -0.366942 | 0.000684 | -6.382043 |
| -0.017698 | 0.250000 | -0.070793 | 0.051587 | -0.343073 | 0.011905 | -1.486651 | 0.000684 | -25.856580 |
| 0.015165 | 0.250000 | 0.060661 | 0.051587 | 0.293972 | 0.011905 | 1.273879 | 0.000684 | 22.155940 |
| -0.016180 | 0.250000 | -0.064720 | 0.051587 | -0.313645 | 0.011905 | -1.359128 | 0.000684 | -23.638633 |
| 0.013456 | 0.250000 | 0.053824 | 0.051587 | 0.260838 | 0.011905 | 1.130300 | 0.000684 | 19.658738 |
| 0.001725 | 0.250000 | 0.006900 | 0.051587 | 0.033437 | 0.011905 | 0.144895 | 0.000684 | 2.520081 |
| -0.015970 | 0.250000 | -0.063880 | 0.051587 | -0.309574 | 0.011905 | -1.341488 | 0.000684 | -23.331830 |
| -0.012447 | 0.250000 | -0.049786 | 0.051587 | -0.241271 | 0.011905 | -1.045509 | 0.000684 | -18.184021 |
| -0.005642 | 0.250000 | -0.022569 | 0.051587 | -0.109374 | 0.011905 | -0.473954 | 0.000684 | -8.243243 |
| -0.000435 | 0.250000 | -0.001742 | 0.051587 | -0.008440 | 0.011905 | -0.036572 | 0.000684 | -0.636085 |
| 0.020891 | 0.250000 | 0.083562 | 0.051587 | 0.404956 | 0.011905 | 1.754810 | 0.000684 | 30.520537 |
| -0.002902 | 0.250000 | -0.011607 | 0.051587 | -0.056248 | 0.011905 | -0.243742 | 0.000684 | -4.239277 |
| 0.008819 | 0.250000 | 0.035277 | 0.051587 | 0.170960 | 0.011905 | 0.740827 | 0.000684 | 12.884829 |
| -0.020751 | 0.250000 | -0.083005 | 0.051587 | -0.402253 | 0.011905 | -1.743097 | 0.000684 | -30.316818 |
| 0.033921 | 0.250000 | 0.135683 | 0.051587 | 0.657543 | 0.011905 | 2.849352 | 0.000684 | 49.557350 |
| -0.007136 | 0.250000 | -0.028544 | 0.051587 | -0.138329 | 0.011905 | -0.599424 | 0.000684 | -10.425474 |
| -0.007794 | 0.250000 | -0.031177 | 0.051587 | -0.151089 | 0.011905 | -0.654721 | 0.000684 | -11.387229 |
| 0.002277 | 0.250000 | 0.009109 | 0.051587 | 0.044141 | 0.011905 | 0.191280 | 0.000684 | 3.326832 |
| -0.005233 | 0.250000 | -0.020931 | 0.051587 | -0.101435 | 0.011905 | -0.439550 | 0.000684 | -7.644877 |
| 0.035079 | 0.250000 | 0.140317 | 0.051587 | 0.680000 | 0.011905 | 2.946667 | 0.000684 | 51.249898 |
| 0.000479 | 0.250000 | 0.001915 | 0.051587 | 0.009280 | 0.011905 | 0.040212 | 0.000684 | 0.699392 |
| 0.006531 | 0.250000 | 0.026123 | 0.051587 | 0.126597 | 0.011905 | 0.548588 | 0.000684 | 9.541317 |
| -0.002389 | 0.250000 | -0.009558 | 0.051587 | -0.046319 | 0.011905 | -0.200714 | 0.000684 | -3.490912 |
| -0.006406 | 0.250000 | -0.025625 | 0.051587 | -0.124182 | 0.011905 | -0.538121 | 0.000684 | -9.359274 |
| -0.000270 | 0.250000 | -0.001080 | 0.051587 | -0.005234 | 0.011905 | -0.022680 | 0.000684 | -0.394462 |
| 0.025416 | 0.250000 | 0.101663 | 0.051587 | 0.492674 | 0.011905 | 2.134919 | 0.000684 | 37.131584 |
| -0.010258 | 0.250000 | -0.041033 | 0.051587 | -0.198851 | 0.011905 | -0.861686 | 0.000684 | -14.986869 |
| 0.001415 | 0.250000 | 0.005660 | 0.051587 | 0.027428 | 0.011905 | 0.118853 | 0.000684 | 2.067150 |
| 0.000350 | 0.250000 | 0.001400 | 0.051587 | 0.006786 | 0.011905 | 0.029405 | 0.000684 | 0.511430 |
| -0.004750 | 0.250000 | -0.018999 | 0.051587 | -0.092071 | 0.011905 | -0.398975 | 0.000684 | -6.939173 |
| -0.001633 | 0.250000 | -0.006531 | 0.051587 | -0.031648 | 0.011905 | -0.137142 | 0.000684 | -2.385242 |
| 0.018118 | 0.250000 | 0.072470 | 0.051587 | 0.351201 | 0.011905 | 1.521870 | 0.000684 | 26.469132 |
| -0.005541 | 0.250000 | -0.022166 | 0.051587 | -0.107419 | 0.011905 | -0.465483 | 0.000684 | -8.095916 |
| 0.011722 | 0.250000 | 0.046890 | 0.051587 | 0.227235 | 0.011905 | 0.984687 | 0.000684 | 17.126162 |
| 0.007605 | 0.250000 | 0.030419 | 0.051587 | 0.147414 | 0.011905 | 0.638795 | 0.000684 | 11.110235 |
| -0.031006 | 0.250000 | -0.124023 | 0.051587 | -0.601035 | 0.011905 | -2.604485 | 0.000684 | -45.298501 |
| -0.012395 | 0.250000 | -0.049582 | 0.051587 | -0.240280 | 0.011905 | -1.041212 | 0.000684 | -18.109283 |
| 0.005524 | 0.250000 | 0.022096 | 0.051587 | 0.107081 | 0.011905 | 0.464019 | 0.000684 | 8.070458 |
| -0.014607 | 0.250000 | -0.058427 | 0.051587 | -0.283145 | 0.011905 | -1.226960 | 0.000684 | -21.339895 |
| 0.015620 | 0.250000 | 0.062481 | 0.051587 | 0.302791 | 0.011905 | 1.312094 | 0.000684 | 22.820591 |
| -0.001522 | 0.250000 | -0.006087 | 0.051587 | -0.029501 | 0.011905 | -0.127837 | 0.000684 | -2.223409 |
| -0.001100 | 0.250000 | -0.004398 | 0.051587 | -0.021314 | 0.011905 | -0.092362 | 0.000684 | -1.606409 |
| -0.007521 | 0.250000 | -0.030086 | 0.051587 | -0.145801 | 0.011905 | -0.631803 | 0.000684 | -10.988630 |
| 0.005325 | 0.250000 | 0.021300 | 0.051587 | 0.103224 | 0.011905 | 0.447305 | 0.000684 | 7.779760 |
| -0.004448 | 0.250000 | -0.017792 | 0.051587 | -0.086221 | 0.011905 | -0.373625 | 0.000684 | -6.498274 |
| -0.004436 | 0.250000 | -0.017744 | 0.051587 | -0.085988 | 0.011905 | -0.372616 | 0.000684 | -6.480718 |
| 0.002409 | 0.250000 | 0.009636 | 0.051587 | 0.046699 | 0.011905 | 0.202361 | 0.000684 | 3.519556 |
| 0.042507 | 0.250000 | 0.170027 | 0.051587 | 0.823976 | 0.011905 | 3.570564 | 0.000684 | 62.101034 |
| -0.000675 | 0.250000 | -0.002701 | 0.051587 | -0.013090 | 0.011905 | -0.056725 | 0.000684 | -0.986590 |
| 0.017647 | 0.250000 | 0.070587 | 0.051587 | 0.342076 | 0.011905 | 1.482329 | 0.000684 | 25.781405 |
| -0.008026 | 0.250000 | -0.032104 | 0.051587 | -0.155581 | 0.011905 | -0.674183 | 0.000684 | -11.725723 |
| 0.012208 | 0.250000 | 0.048832 | 0.051587 | 0.236645 | 0.011905 | 1.025462 | 0.000684 | 17.835355 |
| -0.018966 | 0.250000 | -0.075863 | 0.051587 | -0.367643 | 0.011905 | -1.593122 | 0.000684 | -27.708370 |
| -0.017920 | 0.250000 | -0.071679 | 0.051587 | -0.347367 | 0.011905 | -1.505258 | 0.000684 | -26.180196 |
| -0.013994 | 0.250000 | -0.055976 | 0.051587 | -0.271266 | 0.011905 | -1.175487 | 0.000684 | -20.444652 |
| 0.004348 | 0.250000 | 0.017392 | 0.051587 | 0.084283 | 0.011905 | 0.365228 | 0.000684 | 6.352220 |
| 0.013514 | 0.250000 | 0.054054 | 0.051587 | 0.261954 | 0.011905 | 1.135136 | 0.000684 | 19.742850 |
| -0.014869 | 0.250000 | -0.059476 | 0.051587 | -0.288232 | 0.011905 | -1.249006 | 0.000684 | -21.723332 |
| -0.050951 | 0.250000 | -0.203805 | 0.051587 | -0.987671 | 0.011905 | -4.279906 | 0.000684 | -74.438266 |
| -0.007382 | 0.250000 | -0.029527 | 0.051587 | -0.143090 | 0.011905 | -0.620059 | 0.000684 | -10.784373 |
| 0.009644 | 0.250000 | 0.038576 | 0.051587 | 0.186947 | 0.011905 | 0.810104 | 0.000684 | 14.089736 |
| -0.006317 | 0.250000 | -0.025268 | 0.051587 | -0.122455 | 0.011905 | -0.530638 | 0.000684 | -9.229116 |
| -0.029917 | 0.250000 | -0.119666 | 0.051587 | -0.579921 | 0.011905 | -2.512991 | 0.000684 | -43.707197 |
| 0.005686 | 0.250000 | 0.022744 | 0.051587 | 0.110220 | 0.011905 | 0.477622 | 0.000684 | 8.307033 |
| 0.017297 | 0.250000 | 0.069187 | 0.051587 | 0.335293 | 0.011905 | 1.452936 | 0.000684 | 25.270193 |
| -0.018978 | 0.250000 | -0.075910 | 0.051587 | -0.367872 | 0.011905 | -1.594112 | 0.000684 | -27.725584 |
| 0.027259 | 0.250000 | 0.109038 | 0.051587 | 0.528414 | 0.011905 | 2.289796 | 0.000684 | 39.825274 |
| -0.001012 | 0.250000 | -0.004046 | 0.051587 | -0.019608 | 0.011905 | -0.084967 | 0.000684 | -1.477791 |
| -0.002112 | 0.250000 | -0.008448 | 0.051587 | -0.040940 | 0.011905 | -0.177405 | 0.000684 | -3.085514 |
| 0.003684 | 0.250000 | 0.014734 | 0.051587 | 0.071406 | 0.011905 | 0.309424 | 0.000684 | 5.381664 |
| -0.005906 | 0.250000 | -0.023622 | 0.051587 | -0.114476 | 0.011905 | -0.496063 | 0.000684 | -8.627781 |
| 0.033516 | 0.250000 | 0.134063 | 0.051587 | 0.649692 | 0.011905 | 2.815330 | 0.000684 | 48.965636 |
| 0.007554 | 0.250000 | 0.030214 | 0.051587 | 0.146423 | 0.011905 | 0.634498 | 0.000684 | 11.035503 |
| 0.005154 | 0.250000 | 0.020615 | 0.051587 | 0.099903 | 0.011905 | 0.432913 | 0.000684 | 7.529433 |
| 0.003800 | 0.250000 | 0.015199 | 0.051587 | 0.073656 | 0.011905 | 0.319178 | 0.000684 | 5.551299 |
| -0.002632 | 0.250000 | -0.010529 | 0.051587 | -0.051024 | 0.011905 | -0.221105 | 0.000684 | -3.845575 |
| -0.001592 | 0.250000 | -0.006367 | 0.051587 | -0.030857 | 0.011905 | -0.133712 | 0.000684 | -2.325589 |
| -0.010115 | 0.250000 | -0.040459 | 0.051587 | -0.196070 | 0.011905 | -0.849637 | 0.000684 | -14.777312 |
| 0.016978 | 0.250000 | 0.067913 | 0.051587 | 0.329118 | 0.011905 | 1.426178 | 0.000684 | 24.804800 |
| 0.003094 | 0.250000 | 0.012377 | 0.051587 | 0.059980 | 0.011905 | 0.259914 | 0.000684 | 4.520557 |
| -0.003625 | 0.250000 | -0.014499 | 0.051587 | -0.070265 | 0.011905 | -0.304483 | 0.000684 | -5.295712 |
| 0.013429 | 0.250000 | 0.053718 | 0.051587 | 0.260325 | 0.011905 | 1.128074 | 0.000684 | 19.620020 |
| -0.009215 | 0.250000 | -0.036860 | 0.051587 | -0.178629 | 0.011905 | -0.774059 | 0.000684 | -13.462828 |
| -0.025003 | 0.250000 | -0.100012 | 0.051587 | -0.484672 | 0.011905 | -2.100246 | 0.000684 | -36.528537 |
| -0.002573 | 0.250000 | -0.010291 | 0.051587 | -0.049874 | 0.011905 | -0.216119 | 0.000684 | -3.758853 |
| 0.002217 | 0.250000 | 0.008868 | 0.051587 | 0.042976 | 0.011905 | 0.186229 | 0.000684 | 3.238986 |
| -0.001948 | 0.250000 | -0.007793 | 0.051587 | -0.037766 | 0.011905 | -0.163655 | 0.000684 | -2.846364 |
| -0.001309 | 0.250000 | -0.005236 | 0.051587 | -0.025375 | 0.011905 | -0.109957 | 0.000684 | -1.912419 |
| -0.017553 | 0.250000 | -0.070210 | 0.051587 | -0.340249 | 0.011905 | -1.474410 | 0.000684 | -25.643681 |
| 0.006691 | 0.250000 | 0.026763 | 0.051587 | 0.129696 | 0.011905 | 0.562017 | 0.000684 | 9.774882 |
| -0.011729 | 0.250000 | -0.046917 | 0.051587 | -0.227365 | 0.011905 | -0.985247 | 0.000684 | -17.135901 |
| 0.006952 | 0.250000 | 0.027810 | 0.051587 | 0.134771 | 0.011905 | 0.584007 | 0.000684 | 10.157349 |
| -0.012255 | 0.250000 | -0.049019 | 0.051587 | -0.237553 | 0.011905 | -1.029395 | 0.000684 | -17.903758 |
| 0.010104 | 0.250000 | 0.040414 | 0.051587 | 0.195854 | 0.011905 | 0.848700 | 0.000684 | 14.761018 |
| -0.009004 | 0.250000 | -0.036016 | 0.051587 | -0.174538 | 0.011905 | -0.756330 | 0.000684 | -13.154468 |
| 0.008931 | 0.250000 | 0.035725 | 0.051587 | 0.173129 | 0.011905 | 0.750224 | 0.000684 | 13.048274 |
| 0.010803 | 0.250000 | 0.043212 | 0.051587 | 0.209412 | 0.011905 | 0.907452 | 0.000684 | 15.782862 |
| -0.002121 | 0.250000 | -0.008484 | 0.051587 | -0.041115 | 0.011905 | -0.178166 | 0.000684 | -3.098754 |
| 0.002657 | 0.250000 | 0.010628 | 0.051587 | 0.051504 | 0.011905 | 0.223184 | 0.000684 | 3.881735 |
| -0.047757 | 0.250000 | -0.191030 | 0.051587 | -0.925760 | 0.011905 | -4.011629 | 0.000684 | -69.772252 |
| 0.005949 | 0.250000 | 0.023797 | 0.051587 | 0.115325 | 0.011905 | 0.499741 | 0.000684 | 8.691751 |
| 0.003048 | 0.250000 | 0.012193 | 0.051587 | 0.059088 | 0.011905 | 0.256046 | 0.000684 | 4.453287 |
| -0.005293 | 0.250000 | -0.021173 | 0.051587 | -0.102608 | 0.011905 | -0.444633 | 0.000684 | -7.733275 |
| 0.009255 | 0.250000 | 0.037019 | 0.051587 | 0.179399 | 0.011905 | 0.777395 | 0.000684 | 13.520850 |
| -0.006081 | 0.250000 | -0.024325 | 0.051587 | -0.117885 | 0.011905 | -0.510835 | 0.000684 | -8.884705 |
| 0.004632 | 0.250000 | 0.018527 | 0.051587 | 0.089786 | 0.011905 | 0.389074 | 0.000684 | 6.766973 |
| 0.000704 | 0.250000 | 0.002816 | 0.051587 | 0.013648 | 0.011905 | 0.059142 | 0.000684 | 1.028621 |
| 0.004652 | 0.250000 | 0.018607 | 0.051587 | 0.090171 | 0.011905 | 0.390741 | 0.000684 | 6.795964 |
| -0.004188 | 0.250000 | -0.016753 | 0.051587 | -0.081186 | 0.011905 | -0.351808 | 0.000684 | -6.118822 |
| -0.018394 | 0.250000 | -0.073574 | 0.051587 | -0.356551 | 0.011905 | -1.545055 | 0.000684 | -26.872375 |
| 0.031352 | 0.250000 | 0.125408 | 0.051587 | 0.607746 | 0.011905 | 2.633567 | 0.000684 | 45.804322 |
| -0.008299 | 0.250000 | -0.033194 | 0.051587 | -0.160865 | 0.011905 | -0.697083 | 0.000684 | -12.124019 |
| 0.003410 | 0.250000 | 0.013642 | 0.051587 | 0.066110 | 0.011905 | 0.286479 | 0.000684 | 4.982581 |
| -0.002813 | 0.250000 | -0.011251 | 0.051587 | -0.054522 | 0.011905 | -0.236261 | 0.000684 | -4.109171 |
| -0.011809 | 0.250000 | -0.047236 | 0.051587 | -0.228911 | 0.011905 | -0.991950 | 0.000684 | -17.252483 |
| -0.010963 | 0.250000 | -0.043852 | 0.051587 | -0.212514 | 0.011905 | -0.920896 | 0.000684 | -16.016683 |
| 0.002041 | 0.250000 | 0.008164 | 0.051587 | 0.039563 | 0.011905 | 0.171439 | 0.000684 | 2.981756 |
| 0.008692 | 0.250000 | 0.034768 | 0.051587 | 0.168493 | 0.011905 | 0.730137 | 0.000684 | 12.698910 |
| -0.002835 | 0.250000 | -0.011338 | 0.051587 | -0.054947 | 0.011905 | -0.238102 | 0.000684 | -4.141198 |
| 0.029223 | 0.250000 | 0.116892 | 0.051587 | 0.566477 | 0.011905 | 2.454734 | 0.000684 | 42.693968 |
| 0.016457 | 0.250000 | 0.065830 | 0.051587 | 0.319022 | 0.011905 | 1.382429 | 0.000684 | 24.043899 |
| -0.008597 | 0.250000 | -0.034387 | 0.051587 | -0.166645 | 0.011905 | -0.722127 | 0.000684 | -12.559591 |
| -0.000010 | 0.250000 | -0.000040 | 0.051587 | -0.000194 | 0.011905 | -0.000839 | 0.000684 | -0.014592 |
| -0.019694 | 0.250000 | -0.078777 | 0.051587 | -0.381767 | 0.011905 | -1.654322 | 0.000684 | -28.772798 |
| -0.000862 | 0.250000 | -0.003447 | 0.051587 | -0.016706 | 0.011905 | -0.072394 | 0.000684 | -1.259117 |
| 0.000900 | 0.250000 | 0.003600 | 0.051587 | 0.017446 | 0.011905 | 0.075598 | 0.000684 | 1.314832 |
| 0.028178 | 0.250000 | 0.112711 | 0.051587 | 0.546216 | 0.011905 | 2.366934 | 0.000684 | 41.166902 |
| 0.018159 | 0.250000 | 0.072637 | 0.051587 | 0.352012 | 0.011905 | 1.525384 | 0.000684 | 26.530235 |
| 0.002129 | 0.250000 | 0.008518 | 0.051587 | 0.041277 | 0.011905 | 0.178868 | 0.000684 | 3.110968 |
| 0.001740 | 0.250000 | 0.006960 | 0.051587 | 0.033728 | 0.011905 | 0.146155 | 0.000684 | 2.541995 |
| 0.011755 | 0.250000 | 0.047021 | 0.051587 | 0.227869 | 0.011905 | 0.987432 | 0.000684 | 17.173917 |
| -0.006235 | 0.250000 | -0.024941 | 0.051587 | -0.120868 | 0.011905 | -0.523763 | 0.000684 | -9.109548 |
| 0.002790 | 0.250000 | 0.011162 | 0.051587 | 0.054090 | 0.011905 | 0.234392 | 0.000684 | 4.076662 |
| -0.001172 | 0.250000 | -0.004688 | 0.051587 | -0.022718 | 0.011905 | -0.098443 | 0.000684 | -1.712176 |
| -0.005351 | 0.250000 | -0.021402 | 0.051587 | -0.103719 | 0.011905 | -0.449448 | 0.000684 | -7.817029 |
| -0.009566 | 0.250000 | -0.038265 | 0.051587 | -0.185438 | 0.011905 | -0.803566 | 0.000684 | -13.976015 |
| -0.000556 | 0.250000 | -0.002226 | 0.051587 | -0.010787 | 0.011905 | -0.046743 | 0.000684 | -0.812976 |
| 0.017498 | 0.250000 | 0.069992 | 0.051587 | 0.339193 | 0.011905 | 1.469836 | 0.000684 | 25.564117 |
| -0.009968 | 0.250000 | -0.039873 | 0.051587 | -0.193229 | 0.011905 | -0.837325 | 0.000684 | -14.563183 |
| 0.016113 | 0.250000 | 0.064452 | 0.051587 | 0.312342 | 0.011905 | 1.353482 | 0.000684 | 23.540428 |
| 0.164825 | 0.250000 | 0.659300 | 0.051587 | 3.195067 | 0.011905 | 13.845292 | 0.000684 | 240.804241 |
| -0.004236 | 0.250000 | -0.016943 | 0.051587 | -0.082106 | 0.011905 | -0.355793 | 0.000684 | -6.188137 |
| 0.036119 | 0.250000 | 0.144476 | 0.051587 | 0.700153 | 0.011905 | 3.033995 | 0.000684 | 52.768761 |
| -0.007729 | 0.250000 | -0.030916 | 0.051587 | -0.149823 | 0.011905 | -0.649235 | 0.000684 | -11.291815 |
| 0.010886 | 0.250000 | 0.043545 | 0.051587 | 0.211025 | 0.011905 | 0.914443 | 0.000684 | 15.904446 |
| -0.008230 | 0.250000 | -0.032922 | 0.051587 | -0.159545 | 0.011905 | -0.691361 | 0.000684 | -12.024500 |
| -0.018042 | 0.250000 | -0.072169 | 0.051587 | -0.349741 | 0.011905 | -1.515545 | 0.000684 | -26.359117 |
| 0.013388 | 0.250000 | 0.053552 | 0.051587 | 0.259523 | 0.011905 | 1.124599 | 0.000684 | 19.559582 |
| -0.000610 | 0.250000 | -0.002439 | 0.051587 | -0.011818 | 0.011905 | -0.051209 | 0.000684 | -0.890656 |
| 0.008104 | 0.250000 | 0.032416 | 0.051587 | 0.157091 | 0.011905 | 0.680726 | 0.000684 | 11.839527 |
| 0.039926 | 0.250000 | 0.159702 | 0.051587 | 0.773942 | 0.011905 | 3.353748 | 0.000684 | 58.330058 |
| -0.034225 | 0.250000 | -0.136901 | 0.051587 | -0.663443 | 0.011905 | -2.874920 | 0.000684 | -50.002039 |
| -0.000196 | 0.250000 | -0.000782 | 0.051587 | -0.003790 | 0.011905 | -0.016425 | 0.000684 | -0.285678 |
| -0.014571 | 0.250000 | -0.058283 | 0.051587 | -0.282450 | 0.011905 | -1.223948 | 0.000684 | -21.287520 |
| -0.004251 | 0.250000 | -0.017004 | 0.051587 | -0.082405 | 0.011905 | -0.357087 | 0.000684 | -6.210633 |
| -0.000339 | 0.250000 | -0.001358 | 0.051587 | -0.006579 | 0.011905 | -0.028508 | 0.000684 | -0.495832 |
| 0.004559 | 0.250000 | 0.018236 | 0.051587 | 0.088374 | 0.011905 | 0.382952 | 0.000684 | 6.660496 |
| 0.006510 | 0.250000 | 0.026039 | 0.051587 | 0.126188 | 0.011905 | 0.546816 | 0.000684 | 9.510490 |
| -0.003507 | 0.250000 | -0.014028 | 0.051587 | -0.067982 | 0.011905 | -0.294587 | 0.000684 | -5.123607 |
| 0.000447 | 0.250000 | 0.001787 | 0.051587 | 0.008658 | 0.011905 | 0.037518 | 0.000684 | 0.652530 |
| 0.002189 | 0.250000 | 0.008757 | 0.051587 | 0.042437 | 0.011905 | 0.183893 | 0.000684 | 3.198360 |
| 0.003011 | 0.250000 | 0.012045 | 0.051587 | 0.058372 | 0.011905 | 0.252947 | 0.000684 | 4.399389 |
| 0.014160 | 0.250000 | 0.056641 | 0.051587 | 0.274490 | 0.011905 | 1.189457 | 0.000684 | 20.687628 |
| 0.008073 | 0.250000 | 0.032293 | 0.051587 | 0.156499 | 0.011905 | 0.678161 | 0.000684 | 11.794913 |
| -0.004711 | 0.250000 | -0.018842 | 0.051587 | -0.091312 | 0.011905 | -0.395687 | 0.000684 | -6.881980 |
| 0.020437 | 0.250000 | 0.081746 | 0.051587 | 0.396155 | 0.011905 | 1.716673 | 0.000684 | 29.857227 |
| -0.001068 | 0.250000 | -0.004272 | 0.051587 | -0.020701 | 0.011905 | -0.089706 | 0.000684 | -1.560217 |
| 0.009619 | 0.250000 | 0.038477 | 0.051587 | 0.186466 | 0.011905 | 0.808020 | 0.000684 | 14.053486 |
| -0.011125 | 0.250000 | -0.044500 | 0.051587 | -0.215652 | 0.011905 | -0.934491 | 0.000684 | -16.253138 |
| -0.008636 | 0.250000 | -0.034543 | 0.051587 | -0.167403 | 0.011905 | -0.725413 | 0.000684 | -12.616744 |
| 0.011335 | 0.250000 | 0.045340 | 0.051587 | 0.219726 | 0.011905 | 0.952147 | 0.000684 | 16.560222 |
| -0.020293 | 0.250000 | -0.081171 | 0.051587 | -0.393368 | 0.011905 | -1.704595 | 0.000684 | -29.647168 |
| 0.005119 | 0.250000 | 0.020475 | 0.051587 | 0.099225 | 0.011905 | 0.429976 | 0.000684 | 7.478360 |
| 0.006125 | 0.250000 | 0.024501 | 0.051587 | 0.118737 | 0.011905 | 0.514529 | 0.000684 | 8.948944 |
| -0.014759 | 0.250000 | -0.059035 | 0.051587 | -0.286091 | 0.011905 | -1.239729 | 0.000684 | -21.561978 |
| -0.011794 | 0.250000 | -0.047177 | 0.051587 | -0.228629 | 0.011905 | -0.990724 | 0.000684 | -17.231159 |
| 0.000329 | 0.250000 | 0.001317 | 0.051587 | 0.006382 | 0.011905 | 0.027656 | 0.000684 | 0.481012 |
| 0.004555 | 0.250000 | 0.018219 | 0.051587 | 0.088294 | 0.011905 | 0.382608 | 0.000684 | 6.654512 |
| -0.012575 | 0.250000 | -0.050299 | 0.051587 | -0.243755 | 0.011905 | -1.056272 | 0.000684 | -18.371212 |
| 0.020045 | 0.250000 | 0.080182 | 0.051587 | 0.388573 | 0.011905 | 1.683815 | 0.000684 | 29.285748 |
| -0.016795 | 0.250000 | -0.067179 | 0.051587 | -0.325559 | 0.011905 | -1.410754 | 0.000684 | -24.536541 |
| -0.000336 | 0.250000 | -0.001345 | 0.051587 | -0.006517 | 0.011905 | -0.028240 | 0.000684 | -0.491165 |
| 0.014941 | 0.250000 | 0.059766 | 0.051587 | 0.289634 | 0.011905 | 1.255082 | 0.000684 | 21.829007 |
| -0.009062 | 0.250000 | -0.036249 | 0.051587 | -0.175668 | 0.011905 | -0.761227 | 0.000684 | -13.239641 |
| -0.001558 | 0.250000 | -0.006231 | 0.051587 | -0.030196 | 0.011905 | -0.130851 | 0.000684 | -2.275835 |
| 0.007309 | 0.250000 | 0.029238 | 0.051587 | 0.141689 | 0.011905 | 0.613988 | 0.000684 | 10.678782 |
| -0.000398 | 0.250000 | -0.001594 | 0.051587 | -0.007724 | 0.011905 | -0.033469 | 0.000684 | -0.582111 |
| 0.004944 | 0.250000 | 0.019777 | 0.051587 | 0.095841 | 0.011905 | 0.415312 | 0.000684 | 7.223315 |
| 0.002314 | 0.250000 | 0.009257 | 0.051587 | 0.044859 | 0.011905 | 0.194390 | 0.000684 | 3.380929 |
| -0.002699 | 0.250000 | -0.010797 | 0.051587 | -0.052325 | 0.011905 | -0.226741 | 0.000684 | -3.943599 |
| -0.000134 | 0.250000 | -0.000536 | 0.051587 | -0.002598 | 0.011905 | -0.011258 | 0.000684 | -0.195797 |
| -0.008646 | 0.250000 | -0.034586 | 0.051587 | -0.167608 | 0.011905 | -0.726303 | 0.000684 | -12.632232 |
| 0.002336 | 0.250000 | 0.009342 | 0.051587 | 0.045273 | 0.011905 | 0.196183 | 0.000684 | 3.412115 |
| 0.008881 | 0.250000 | 0.035526 | 0.051587 | 0.172164 | 0.011905 | 0.746042 | 0.000684 | 12.975542 |
| -0.001439 | 0.250000 | -0.005757 | 0.051587 | -0.027899 | 0.011905 | -0.120896 | 0.000684 | -2.102690 |
| -0.007564 | 0.250000 | -0.030255 | 0.051587 | -0.146619 | 0.011905 | -0.635347 | 0.000684 | -11.050281 |
| -0.003473 | 0.250000 | -0.013893 | 0.051587 | -0.067329 | 0.011905 | -0.291760 | 0.000684 | -5.074431 |
| -0.001346 | 0.250000 | -0.005384 | 0.051587 | -0.026090 | 0.011905 | -0.113055 | 0.000684 | -1.966307 |
| 0.000704 | 0.250000 | 0.002818 | 0.051587 | 0.013654 | 0.011905 | 0.059168 | 0.000684 | 1.029088 |
| 0.012995 | 0.250000 | 0.051978 | 0.051587 | 0.251896 | 0.011905 | 1.091547 | 0.000684 | 18.984739 |
| -0.000876 | 0.250000 | -0.003503 | 0.051587 | -0.016978 | 0.011905 | -0.073571 | 0.000684 | -1.279580 |
| -0.005635 | 0.250000 | -0.022539 | 0.051587 | -0.109229 | 0.011905 | -0.473325 | 0.000684 | -8.232307 |
| 0.004104 | 0.250000 | 0.016417 | 0.051587 | 0.079559 | 0.011905 | 0.344758 | 0.000684 | 5.996198 |
| 0.009629 | 0.250000 | 0.038514 | 0.051587 | 0.186645 | 0.011905 | 0.808796 | 0.000684 | 14.066982 |
| 0.006524 | 0.250000 | 0.026098 | 0.051587 | 0.126474 | 0.011905 | 0.548055 | 0.000684 | 9.532040 |
| -0.004917 | 0.250000 | -0.019669 | 0.051587 | -0.095319 | 0.011905 | -0.413047 | 0.000684 | -7.183925 |
| 0.000655 | 0.250000 | 0.002620 | 0.051587 | 0.012698 | 0.011905 | 0.055025 | 0.000684 | 0.957027 |
| -0.004221 | 0.250000 | -0.016885 | 0.051587 | -0.081829 | 0.011905 | -0.354591 | 0.000684 | -6.167217 |
| -0.005163 | 0.250000 | -0.020651 | 0.051587 | -0.100077 | 0.011905 | -0.433668 | 0.000684 | -7.542576 |
| 0.001259 | 0.250000 | 0.005035 | 0.051587 | 0.024400 | 0.011905 | 0.105732 | 0.000684 | 1.838936 |
| 0.004379 | 0.250000 | 0.017516 | 0.051587 | 0.084884 | 0.011905 | 0.367831 | 0.000684 | 6.397498 |
| -0.028926 | 0.250000 | -0.115703 | 0.051587 | -0.560714 | 0.011905 | -2.429762 | 0.000684 | -42.259642 |
| -0.012285 | 0.250000 | -0.049140 | 0.051587 | -0.238140 | 0.011905 | -1.031938 | 0.000684 | -17.947986 |
| 0.000633 | 0.250000 | 0.002534 | 0.051587 | 0.012278 | 0.011905 | 0.053205 | 0.000684 | 0.925375 |
| 0.000677 | 0.250000 | 0.002706 | 0.051587 | 0.013114 | 0.011905 | 0.056827 | 0.000684 | 0.988361 |
| 0.001187 | 0.250000 | 0.004746 | 0.051587 | 0.023000 | 0.011905 | 0.099668 | 0.000684 | 1.733474 |
| -0.001605 | 0.250000 | -0.006422 | 0.051587 | -0.031120 | 0.011905 | -0.134854 | 0.000684 | -2.345445 |
| -0.000261 | 0.250000 | -0.001043 | 0.051587 | -0.005054 | 0.011905 | -0.021903 | 0.000684 | -0.380944 |
| 0.003497 | 0.250000 | 0.013987 | 0.051587 | 0.067781 | 0.011905 | 0.293719 | 0.000684 | 5.108514 |
| 0.001760 | 0.250000 | 0.007039 | 0.051587 | 0.034114 | 0.011905 | 0.147828 | 0.000684 | 2.571093 |
| 0.001732 | 0.250000 | 0.006930 | 0.051587 | 0.033582 | 0.011905 | 0.145523 | 0.000684 | 2.531004 |
| -0.005992 | 0.250000 | -0.023969 | 0.051587 | -0.116159 | 0.011905 | -0.503355 | 0.000684 | -8.754610 |
| -0.002237 | 0.250000 | -0.008946 | 0.051587 | -0.043355 | 0.011905 | -0.187873 | 0.000684 | -3.267578 |
| 0.005612 | 0.250000 | 0.022449 | 0.051587 | 0.108790 | 0.011905 | 0.471424 | 0.000684 | 8.199240 |
| -0.007772 | 0.250000 | -0.031088 | 0.051587 | -0.150658 | 0.011905 | -0.652852 | 0.000684 | -11.354722 |
| -0.028971 | 0.250000 | -0.115883 | 0.051587 | -0.561585 | 0.011905 | -2.433535 | 0.000684 | -42.325254 |
| -0.008993 | 0.250000 | -0.035973 | 0.051587 | -0.174329 | 0.011905 | -0.755427 | 0.000684 | -13.138770 |
| -0.016314 | 0.250000 | -0.065255 | 0.051587 | -0.316234 | 0.011905 | -1.370348 | 0.000684 | -23.833782 |
| 0.007301 | 0.250000 | 0.029205 | 0.051587 | 0.141534 | 0.011905 | 0.613312 | 0.000684 | 10.667035 |
| 0.003211 | 0.250000 | 0.012844 | 0.051587 | 0.062244 | 0.011905 | 0.269725 | 0.000684 | 4.691197 |
| 0.006604 | 0.250000 | 0.026415 | 0.051587 | 0.128013 | 0.011905 | 0.554721 | 0.000684 | 9.647992 |
| 0.025899 | 0.250000 | 0.103598 | 0.051587 | 0.502051 | 0.011905 | 2.175556 | 0.000684 | 37.838364 |
| -0.017407 | 0.250000 | -0.069629 | 0.051587 | -0.337433 | 0.011905 | -1.462212 | 0.000684 | -25.431519 |
| -0.013997 | 0.250000 | -0.055987 | 0.051587 | -0.271319 | 0.011905 | -1.175717 | 0.000684 | -20.448662 |
| -0.003740 | 0.250000 | -0.014962 | 0.051587 | -0.072507 | 0.011905 | -0.314198 | 0.000684 | -5.464696 |
| -0.007766 | 0.250000 | -0.031065 | 0.051587 | -0.150546 | 0.011905 | -0.652365 | 0.000684 | -11.346265 |
| -0.000176 | 0.250000 | -0.000703 | 0.051587 | -0.003408 | 0.011905 | -0.014769 | 0.000684 | -0.256872 |
| 0.015222 | 0.250000 | 0.060887 | 0.051587 | 0.295066 | 0.011905 | 1.278620 | 0.000684 | 22.238402 |
| -0.001820 | 0.250000 | -0.007279 | 0.051587 | -0.035277 | 0.011905 | -0.152868 | 0.000684 | -2.658754 |
| -0.035889 | 0.250000 | -0.143558 | 0.051587 | -0.695702 | 0.011905 | -3.014709 | 0.000684 | -52.433327 |
| 0.027195 | 0.250000 | 0.108779 | 0.051587 | 0.527160 | 0.011905 | 2.284360 | 0.000684 | 39.730740 |
| 0.012956 | 0.250000 | 0.051824 | 0.051587 | 0.251145 | 0.011905 | 1.088296 | 0.000684 | 18.928185 |
| 0.003541 | 0.250000 | 0.014165 | 0.051587 | 0.068648 | 0.011905 | 0.297473 | 0.000684 | 5.173793 |
| 0.009072 | 0.250000 | 0.036289 | 0.051587 | 0.175861 | 0.011905 | 0.762064 | 0.000684 | 13.254197 |
| -0.000773 | 0.250000 | -0.003091 | 0.051587 | -0.014980 | 0.011905 | -0.064914 | 0.000684 | -1.129016 |
| -0.000210 | 0.250000 | -0.000841 | 0.051587 | -0.004074 | 0.011905 | -0.017653 | 0.000684 | -0.307034 |
| -0.003565 | 0.250000 | -0.014260 | 0.051587 | -0.069106 | 0.011905 | -0.299461 | 0.000684 | -5.208379 |
| 0.010202 | 0.250000 | 0.040807 | 0.051587 | 0.197757 | 0.011905 | 0.856946 | 0.000684 | 14.904427 |
| 0.009149 | 0.250000 | 0.036597 | 0.051587 | 0.177354 | 0.011905 | 0.768534 | 0.000684 | 13.366729 |
| -0.013908 | 0.250000 | -0.055634 | 0.051587 | -0.269610 | 0.011905 | -1.168310 | 0.000684 | -20.319823 |
| -0.012974 | 0.250000 | -0.051897 | 0.051587 | -0.251502 | 0.011905 | -1.089840 | 0.000684 | -18.955050 |
| 0.007535 | 0.250000 | 0.030139 | 0.051587 | 0.146060 | 0.011905 | 0.632925 | 0.000684 | 11.008155 |
| -0.012025 | 0.250000 | -0.048101 | 0.051587 | -0.233103 | 0.011905 | -1.010115 | 0.000684 | -17.568417 |
| -0.018955 | 0.250000 | -0.075820 | 0.051587 | -0.367436 | 0.011905 | -1.592223 | 0.000684 | -27.692747 |
| -0.008941 | 0.250000 | -0.035763 | 0.051587 | -0.173311 | 0.011905 | -0.751016 | 0.000684 | -13.062051 |
| -0.001497 | 0.250000 | -0.005987 | 0.051587 | -0.029014 | 0.011905 | -0.125728 | 0.000684 | -2.186723 |
| 0.021830 | 0.250000 | 0.087322 | 0.051587 | 0.423174 | 0.011905 | 1.833756 | 0.000684 | 31.893597 |
| 0.019162 | 0.250000 | 0.076649 | 0.051587 | 0.371452 | 0.011905 | 1.609625 | 0.000684 | 27.995404 |
| -0.003724 | 0.250000 | -0.014895 | 0.051587 | -0.072184 | 0.011905 | -0.312796 | 0.000684 | -5.440298 |
| 0.007029 | 0.250000 | 0.028115 | 0.051587 | 0.136248 | 0.011905 | 0.590410 | 0.000684 | 10.268698 |
| -0.000365 | 0.250000 | -0.001460 | 0.051587 | -0.007075 | 0.011905 | -0.030660 | 0.000684 | -0.533249 |
| 0.005800 | 0.250000 | 0.023199 | 0.051587 | 0.112425 | 0.011905 | 0.487175 | 0.000684 | 8.473193 |
| 0.004965 | 0.250000 | 0.019860 | 0.051587 | 0.096242 | 0.011905 | 0.417050 | 0.000684 | 7.253541 |
| -0.021120 | 0.250000 | -0.084480 | 0.051587 | -0.409405 | 0.011905 | -1.774089 | 0.000684 | -30.855848 |
| -0.002796 | 0.250000 | -0.011184 | 0.051587 | -0.054198 | 0.011905 | -0.234858 | 0.000684 | -4.084765 |
| 0.001659 | 0.250000 | 0.006638 | 0.051587 | 0.032168 | 0.011905 | 0.139395 | 0.000684 | 2.424429 |
| -0.004462 | 0.250000 | -0.017846 | 0.051587 | -0.086486 | 0.011905 | -0.374774 | 0.000684 | -6.518257 |
| -0.006988 | 0.250000 | -0.027951 | 0.051587 | -0.135457 | 0.011905 | -0.586981 | 0.000684 | -10.209070 |
| 0.011432 | 0.250000 | 0.045729 | 0.051587 | 0.221611 | 0.011905 | 0.960316 | 0.000684 | 16.702304 |
| -0.002677 | 0.250000 | -0.010709 | 0.051587 | -0.051898 | 0.011905 | -0.224889 | 0.000684 | -3.911389 |
| -0.004528 | 0.250000 | -0.018113 | 0.051587 | -0.087779 | 0.011905 | -0.380376 | 0.000684 | -6.615698 |
| 0.001294 | 0.250000 | 0.005176 | 0.051587 | 0.025083 | 0.011905 | 0.108692 | 0.000684 | 1.890425 |
| -0.000557 | 0.250000 | -0.002230 | 0.051587 | -0.010807 | 0.011905 | -0.046829 | 0.000684 | -0.814482 |
| 0.003956 | 0.250000 | 0.015825 | 0.051587 | 0.076690 | 0.011905 | 0.332324 | 0.000684 | 5.779953 |
| -0.003220 | 0.250000 | -0.012879 | 0.051587 | -0.062414 | 0.011905 | -0.270460 | 0.000684 | -4.703977 |
| -0.007138 | 0.250000 | -0.028551 | 0.051587 | -0.138363 | 0.011905 | -0.599572 | 0.000684 | -10.428060 |
| -0.015089 | 0.250000 | -0.060357 | 0.051587 | -0.292501 | 0.011905 | -1.267506 | 0.000684 | -22.045094 |
| -0.014493 | 0.250000 | -0.057973 | 0.051587 | -0.280945 | 0.011905 | -1.217426 | 0.000684 | -21.174089 |
| -0.014875 | 0.250000 | -0.059502 | 0.051587 | -0.288355 | 0.011905 | -1.249540 | 0.000684 | -21.732627 |
| -0.008063 | 0.250000 | -0.032254 | 0.051587 | -0.156306 | 0.011905 | -0.677326 | 0.000684 | -11.780397 |
| 0.017709 | 0.250000 | 0.070835 | 0.051587 | 0.343280 | 0.011905 | 1.487545 | 0.000684 | 25.872123 |
| 0.006693 | 0.250000 | 0.026772 | 0.051587 | 0.129742 | 0.011905 | 0.562213 | 0.000684 | 9.778295 |
| 0.000243 | 0.250000 | 0.000972 | 0.051587 | 0.004710 | 0.011905 | 0.020410 | 0.000684 | 0.354972 |
| 0.003789 | 0.250000 | 0.015154 | 0.051587 | 0.073439 | 0.011905 | 0.318236 | 0.000684 | 5.534912 |
| 0.001806 | 0.250000 | 0.007224 | 0.051587 | 0.035007 | 0.011905 | 0.151697 | 0.000684 | 2.638390 |
| -0.001997 | 0.250000 | -0.007988 | 0.051587 | -0.038713 | 0.011905 | -0.167758 | 0.000684 | -2.917727 |
| -0.001975 | 0.250000 | -0.007898 | 0.051587 | -0.038275 | 0.011905 | -0.165860 | 0.000684 | -2.884719 |
| -0.002774 | 0.250000 | -0.011096 | 0.051587 | -0.053772 | 0.011905 | -0.233010 | 0.000684 | -4.052631 |
| -0.000086 | 0.250000 | -0.000344 | 0.051587 | -0.001667 | 0.011905 | -0.007225 | 0.000684 | -0.125662 |
| -0.000759 | 0.250000 | -0.003037 | 0.051587 | -0.014718 | 0.011905 | -0.063778 | 0.000684 | -1.109260 |
| 0.010166 | 0.250000 | 0.040662 | 0.051587 | 0.197056 | 0.011905 | 0.853909 | 0.000684 | 14.851619 |
| 0.017153 | 0.250000 | 0.068613 | 0.051587 | 0.332508 | 0.011905 | 1.440866 | 0.000684 | 25.060267 |
| -0.003293 | 0.250000 | -0.013172 | 0.051587 | -0.063835 | 0.011905 | -0.276619 | 0.000684 | -4.811104 |
| -0.000527 | 0.250000 | -0.002110 | 0.051587 | -0.010224 | 0.011905 | -0.044303 | 0.000684 | -0.770542 |
| 0.001209 | 0.250000 | 0.004837 | 0.051587 | 0.023439 | 0.011905 | 0.101569 | 0.000684 | 1.766542 |
| -0.019518 | 0.250000 | -0.078070 | 0.051587 | -0.378341 | 0.011905 | -1.639477 | 0.000684 | -28.514612 |
| -0.001551 | 0.250000 | -0.006203 | 0.051587 | -0.030061 | 0.011905 | -0.130265 | 0.000684 | -2.265639 |
| 0.001630 | 0.250000 | 0.006520 | 0.051587 | 0.031599 | 0.011905 | 0.136929 | 0.000684 | 2.381539 |
| 0.004368 | 0.250000 | 0.017474 | 0.051587 | 0.084680 | 0.011905 | 0.366949 | 0.000684 | 6.382154 |
| -0.003291 | 0.250000 | -0.013163 | 0.051587 | -0.063789 | 0.011905 | -0.276421 | 0.000684 | -4.807649 |
| -0.003086 | 0.250000 | -0.012345 | 0.051587 | -0.059825 | 0.011905 | -0.259241 | 0.000684 | -4.508857 |
